1979	14.95904	15.48653	15.77995	16.29849	16.56457	16.43990	15.58692	15.38905	14.59904	13.87007	13.06967	12.52218	11.52547	10.25292	8.95870	7.95817	7.21070	6.99751	7.36108	8.91787	10.12677	10.91570	12.38301	13.31517
1980	14.19139	14.94138	15.35608	16.03834	16.14216	15.93702	15.63291	15.44821	14.68472	13.75157	12.75621	12.14000	11.27202	9.94606	8.72154	7.75251	7.53825	7.58349	8.16997	9.23288	10.38071	11.21210	12.67411	13.89477
1981	14.25861	14.94971	15.59230	15.52530	15.56254	15.71054	15.40125	14.94858	14.26519	13.83865	13.05364	12.45457	11.42488	10.34670	8.71069	7.68965	7.20381	6.95777	7.94249	8.96254	9.88742	11.16921	11.99204	13.64586
1982	14.46030	15.19307	15.79478	16.01050	16.20753	15.87372	15.89397	15.47040	14.75133	13.98218	13.08376	12.48176	11.42345	10.26364	8.90404	7.97502	7.39189	7.19477	7.71411	9.73903	10.78443	11.74569	12.80490	13.82042
1983	14.23285	14.98909	15.72068	15.91699	16.00296	16.14338	15.83653	15.04285	14.02064	13.42887	12.84098	12.27371	11.51494	10.75909	9.18331	7.92461	7.28912	7.25405	8.09429	9.38523	10.52313	11.61351	12.73388	13.33180
1984	14.08674	14.36945	14.98490	15.38436	15.35211	15.71902	15.35875	14.97335	14.20670	13.43671	12.78417	12.19010	11.18057	9.93397	8.66023	7.67227	6.82285	6.39916	7.68858	8.30800	9.53492	11.04563	11.94483	13.02193
1985	14.02479	14.66777	15.17668	15.43705	15.71569	16.11716	15.52746	15.46751	14.66001	14.07565	13.10958	12.10491	11.12167	9.69719	8.10795	7.29936	6.71931	6.64858	7.32784	8.63260	10.19703	11.06476	12.30334	13.04707
1986	13.99693	14.92634	15.27271	15.78235	15.95751	15.97063	15.59597	14.96709	14.25577	13.26663	12.55628	11.92558	11.15231	10.20106	8.72954	7.87809	7.21917	7.32698	8.30437	9.45420	10.44102	11.70859	12.56319	13.16202
1987	14.28542	14.73861	15.78867	16.09575	16.00459	15.84171	15.57106	15.34140	14.29111	13.73683	13.02523	12.47117	11.42971	10.43717	8.79647	7.56194	6.96814	7.12897	8.02583	8.98762	10.16747	11.43295	12.51559	13.16202
1988	14.28542	14.96386	15.50519	15.41706	16.06716	15.91450	15.48983	15.09552	14.35313	13.58969	12.60180	11.96090	10.97467	9.73412	8.54034	7.85706	7.18571	7.29489	8.03612	9.32267	10.15764	11.50793	12.71379	13.70471
1989	14.22762	14.93634	15.35401	15.31884	15.51756	15.30634	15.08142	14.21035	13.36661	13.00310	12.72562	12.29255	11.34258	10.16434	8.79061	7.89372	7.08058	6.96083	7.38544	8.77646	10.21739	10.85732	12.57968	13.27432
1990	14.25464	14.62509	15.27689	15.48107	15.97930	15.94722	15.48941	14.51632	13.60737	13.28434	12.35703	11.68093	10.62274	9.16310	7.65110	6.71557	6.19504	6.09585	6.58654	8.49334	10.13381	11.11180	12.26493	13.22892
1991	13.60675	14.35628	14.82198	15.34693	15.46481	15.48701	15.43865	14.74575	14.05050	13.48983	12.76933	12.05019	10.97964	9.45866	7.93856	7.44531	6.77318	6.26027	6.83110	8.88769	9.85822	10.95071	12.02485	12.93920
1992	14.03772	14.46306	15.36187	15.52433	15.43126	15.37632	15.25592	14.60977	13.83762	13.13070	12.64849	12.15601	11.37637	10.33528	8.81385	7.76985	7.23550	7.32788	8.28789	9.34970	10.35548	11.35606	12.70619	13.47064
1993	14.02587	14.93997	15.41467	15.58457	15.71356	15.80427	15.51866	15.13511	14.12385	13.37064	12.42002	11.81976	10.84443	9.32689	8.27565	7.23934	6.34040	6.20824	7.17861	8.83159	10.27206	11.35322	12.26263	13.40392
1994	14.06782	14.69223	15.35922	15.47133	15.63969	15.50520	15.39721	14.78205	14.11281	13.66639	12.77471	11.97104	11.08880	9.95381	8.47058	7.51788	7.06179	7.11874	7.85313	8.72502	10.24993	11.04460	12.26356	13.28790
1995	14.11090	14.52784	15.02142	15.15049	15.28865	15.13117	15.16278	14.28193	13.54026	13.08763	12.08009	11.51481	10.44695	8.98850	7.49652	6.65074	6.19634	6.01828	6.10781	7.84020	9.99165	10.77556	12.18277	12.96605
1996	13.76587	14.10820	14.64543	15.04203	15.17891	15.05622	14.78949	14.11140	13.55338	13.03809	12.48875	12.10992	11.27257	10.17491	8.92527	8.15275	7.35255	7.53573	8.20457	9.19238	9.82273	10.18459	11.61390	12.89894
1997	13.60725	14.27813	14.94851	15.58527	15.52893	15.46218	15.16218	14.41015	13.90299	13.16407	12.28942	11.80907	10.66872	9.32707	7.97166	7.26388	6.68090	6.65988	7.00835	8.29529	9.80200	10.58283	12.21803	13.02164
1998	13.99571	14.63049	15.45829	15.60659	15.75635	15.50879	15.32193	14.78652	14.14337	13.57582	12.62945	11.75570	10.36141	9.41527	8.29990	7.45781	6.69127	6.35050	7.19995	8.39542	9.52460	10.50489	11.53128	12.66046
1999	13.78880	14.41082	14.90690	15.31625	15.21324	15.31435	15.42398	15.13211	14.32943	13.74299	12.85419	11.81723	10.33035	9.61916	8.36981	7.19592	6.18028	5.80895	7.03734	8.66543	10.11187	10.89060	11.67574	12.62517
2000	13.40284	14.06925	14.93712	14.93719	15.40047	15.08251	15.07209	14.39089	13.90858	13.04410	12.31548	11.70431	10.70432	9.46014	7.99630	7.14290	6.23788	6.05575	6.78047	8.47455	9.61340	10.24837	11.65242	12.65544
2001	13.43505	14.13568	14.81660	15.26035	15.58605	15.63454	15.06690	14.78399	14.28229	13.53645	12.43464	11.36109	10.06240	9.02391	8.07470	7.44327	6.80285	6.61634	7.23297	8.20044	9.74323	10.90396	11.42721	12.46376
2002	13.54435	14.27374	15.16112	15.36983	15.34122	15.44165	14.85653	14.33042	13.51974	13.05128	12.23134	11.58786	10.57473	9.32215	7.58772	6.52777	5.82379	5.67025	6.50935	8.17189	9.28144	10.34508	11.72060	12.66569
2003	13.61488	14.45930	14.88039	15.26815	15.48382	15.39125	15.19574	14.51150	13.69381	12.95367	12.38499	11.62234	10.42809	9.23711	7.77779	6.80716	6.29210	6.03781	6.40182	7.78374	9.36597	10.14909	11.33186	12.75169
2004	13.48597	14.15988	14.32253	15.00115	15.06205	14.90388	14.71611	13.77819	13.19384	12.46651	11.96594	11.53517	10.63345	9.49328	8.11547	6.68072	5.93403	5.80900	6.58243	7.94880	9.16986	10.42357	11.61319	12.60207
2005	13.11912	13.69275	13.98774	14.45497	14.81429	14.67004	14.36219	13.97697	13.57450	12.94612	12.01003	11.17633	9.97327	8.75772	7.10201	6.27591	5.67936	5.45497	5.80868	7.05134	9.34487	10.14367	11.27626	12.31104
2006	13.11582	13.38852	14.04657	14.34489	14.39307	14.33411	14.17598	13.95772	13.07328	12.54642	11.86622	10.97226	9.63283	8.48752	7.30801	6.42343	5.95078	5.80232	5.94314	7.70514	9.12123	9.74149	10.36454	11.93034
2007	13.07579	13.63478	14.17168	14.46890	14.63988	14.48219	14.23754	13.70620	13.35981	12.74573	12.02724	11.36533	9.63141	7.82366	6.45696	5.25477	4.48236	4.17632	4.58576	5.66539	8.48938	9.74214	10.90849	11.96209
2008	13.15534	13.81548	14.50997	14.72143	15.23075	15.07910	14.91710	14.23034	13.64598	13.06019	12.16396	11.19201	9.93068	8.68937	7.20067	5.89272	4.83767	4.61834	5.24123	7.43638	9.36360	10.34840	11.48004	12.40519
2009	13.13766	14.05090	14.44714	14.85501	15.13743	14.90911	14.70708	14.46921	13.92888	13.17425	12.13497	11.38469	10.05331	8.51253	6.98246	6.14164	5.36779	5.17323	5.65677	6.82818	8.73518	9.83052	11.13548	12.33169
2010	13.13333	13.76391	14.15339	14.65610	14.86844	15.09078	15.23545	14.56213	13.85411	12.86911	11.78874	10.68848	9.02146	8.18992	6.62248	5.92233	5.13073	4.71808	5.42530	6.99166	8.52639	9.68755	10.67163	11.99572
2011	12.85226	13.45067	14.05857	14.43630	14.42166	14.63129	14.49586	14.12172	13.40906	12.66042	11.81865	10.72350	9.27175	7.55461	6.57103	5.44658	4.59970	4.53456	5.11523	6.15320	8.72586	9.79642	11.02600	12.29436
2012	13.32335	13.58542	14.02927	14.62939	15.06701	15.22808	15.05319	14.67487	13.55609	13.00667	12.10744	10.40373	9.06206	7.60644	6.25289	4.61399	3.58238	3.36973	4.06229	5.83231	8.06031	9.36547	10.88400	11.86418
2013	12.89664	13.75741	14.32967	14.73154	15.09734	15.07832	14.76734	14.35710	13.50612	13.08732	12.28310	11.52289	9.76338	8.09281	6.94584	5.98667	5.27738	5.10008	5.79772	7.49957	9.19306	9.77969	11.32527	12.23982
