   2.8707130e-03
   1.0004226e-01
   2.0007093e-01
   3.0005708e-01
   4.0005944e-01
   5.0006855e-01
   6.0007852e-01
   7.0006289e-01
   8.0007306e-01
   9.0006903e-01
   1.0000712e+00
   1.1000669e+00
   1.2000644e+00
   1.3000535e+00
   1.4000505e+00
   1.5000593e+00
   1.6000679e+00
   1.7000669e+00
   1.8000857e+00
   1.9000721e+00
   2.0000927e+00
   2.1000753e+00
   2.2000656e+00
   2.3000660e+00
   2.4000613e+00
   2.5000657e+00
   2.6000681e+00
   2.7000921e+00
   2.8000738e+00
   2.9000611e+00
   3.0000652e+00
   3.1000746e+00
   3.2000709e+00
   3.3000796e+00
   3.4000782e+00
   3.5000778e+00
   3.6000695e+00
   3.7000684e+00
   3.8000705e+00
   3.9000650e+00
   4.0000661e+00
   4.1000728e+00
   4.2000708e+00
   4.3000642e+00
   4.4000629e+00
   4.5000714e+00
   4.6000709e+00
   4.7000860e+00
   4.8000545e+00
   4.9000690e+00
   5.0000639e+00
   5.1000679e+00
   5.2000678e+00
   5.3000686e+00
   5.4000685e+00
   5.5000692e+00
   5.6000710e+00
   5.7000641e+00
   5.8000690e+00
   5.9000626e+00
   6.0000647e+00
   6.1000646e+00
   6.2000716e+00
   6.3000618e+00
   6.4000716e+00
   6.5000627e+00
   6.6000807e+00
   6.7000670e+00
   6.8000682e+00
   6.9000701e+00
   7.0000729e+00
   7.1000683e+00
   7.2000678e+00
   7.3000868e+00
   7.4000662e+00
   7.5000684e+00
   7.6000646e+00
   7.7000688e+00
   7.8000629e+00
   7.9000587e+00
   8.0000650e+00
   8.1000993e+00
   8.2000700e+00
   8.3000701e+00
   8.4000676e+00
   8.5000605e+00
   8.6000655e+00
   8.7000609e+00
   8.8000698e+00
   8.9000650e+00
   9.0000600e+00
   9.1000617e+00
   9.2000674e+00
   9.3000687e+00
   9.4000578e+00
   9.5000534e+00
   9.6000662e+00
   9.7000475e+00
   9.8000710e+00
   9.9000666e+00
   1.0000060e+01
   1.0100072e+01
   1.0200067e+01
   1.0300084e+01
   1.0400070e+01
   1.0500070e+01
   1.0600073e+01
   1.0700086e+01
   1.0800070e+01
   1.0900065e+01
   1.1000062e+01
   1.1100067e+01
   1.1200073e+01
   1.1300072e+01
   1.1400066e+01
   1.1500044e+01
   1.1600092e+01
   1.1700076e+01
   1.1800070e+01
   1.1900068e+01
   1.2000080e+01
   1.2100069e+01
   1.2200071e+01
   1.2300070e+01
   1.2400071e+01
   1.2500070e+01
   1.2600071e+01
   1.2700094e+01
   1.2800079e+01
   1.2900069e+01
   1.3000079e+01
   1.3100058e+01
   1.3200060e+01
   1.3300069e+01
   1.3400056e+01
   1.3500064e+01
   1.3600070e+01
   1.3700060e+01
   1.3800075e+01
   1.3900063e+01
   1.4000060e+01
   1.4100070e+01
   1.4200093e+01
   1.4300070e+01
   1.4400084e+01
   1.4500075e+01
   1.4600069e+01
   1.4700067e+01
   1.4800064e+01
   1.4900064e+01
   1.5000070e+01
   1.5100070e+01
   1.5200069e+01
   1.5300071e+01
   1.5400067e+01
   1.5500070e+01
   1.5600066e+01
   1.5700057e+01
   1.5800061e+01
   1.5900067e+01
   1.6000058e+01
   1.6100068e+01
   1.6200068e+01
   1.6300052e+01
   1.6400060e+01
   1.6500049e+01
   1.6600058e+01
   1.6700049e+01
   1.6800052e+01
   1.6900051e+01
   1.7000070e+01
   1.7100068e+01
   1.7200070e+01
   1.7300058e+01
   1.7400056e+01
   1.7500066e+01
   1.7600062e+01
   1.7700056e+01
   1.7800051e+01
   1.7900059e+01
   1.8000046e+01
   1.8100051e+01
   1.8200083e+01
   1.8300116e+01
   1.8400081e+01
   1.8500051e+01
   1.8600087e+01
   1.8700072e+01
   1.8800086e+01
   1.8900067e+01
   1.9000070e+01
   1.9100067e+01
   1.9200066e+01
   1.9300069e+01
   1.9400059e+01
   1.9500048e+01
   1.9600058e+01
   1.9700055e+01
   1.9800057e+01
   1.9900062e+01
   2.0000045e+01
   2.0100049e+01
   2.0200063e+01
   2.0300053e+01
   2.0400060e+01
   2.0500065e+01
   2.0600066e+01
   2.0700059e+01
   2.0800053e+01
   2.0900060e+01
   2.1000048e+01
   2.1100055e+01
   2.1200063e+01
   2.1300061e+01
   2.1400051e+01
   2.1500052e+01
   2.1600065e+01
   2.1700056e+01
   2.1800056e+01
   2.1900058e+01
   2.2000061e+01
   2.2100051e+01
   2.2200071e+01
   2.2300055e+01
   2.2400047e+01
   2.2500052e+01
   2.2600064e+01
   2.2700052e+01
   2.2800056e+01
   2.2900053e+01
   2.3000047e+01
   2.3100052e+01
   2.3200055e+01
   2.3300052e+01
   2.3400051e+01
   2.3500051e+01
   2.3600060e+01
   2.3700062e+01
   2.3800053e+01
   2.3900052e+01
   2.4000051e+01
   2.4100047e+01
   2.4200061e+01
   2.4300058e+01
   2.4400048e+01
   2.4500047e+01
   2.4600056e+01
   2.4700057e+01
   2.4800059e+01
   2.4900060e+01
   2.5000050e+01
   2.5100052e+01
   2.5200057e+01
   2.5300059e+01
   2.5400050e+01
   2.5500066e+01
   2.5600061e+01
   2.5700050e+01
   2.5800059e+01
   2.5900060e+01
   2.6000047e+01
   2.6100052e+01
   2.6200055e+01
   2.6300059e+01
   2.6400058e+01
   2.6500050e+01
   2.6600080e+01
   2.6700049e+01
   2.6800061e+01
   2.6900058e+01
   2.7000052e+01
   2.7100049e+01
   2.7200059e+01
   2.7300059e+01
   2.7400049e+01
   2.7500052e+01
   2.7600068e+01
   2.7700054e+01
   2.7800060e+01
   2.7900072e+01
   2.8000052e+01
   2.8100056e+01
   2.8200064e+01
   2.8300063e+01
   2.8400061e+01
   2.8500054e+01
   2.8600068e+01
   2.8700060e+01
   2.8800052e+01
   2.8900057e+01
   2.9000048e+01
   2.9100048e+01
   2.9200061e+01
   2.9300053e+01
   2.9400049e+01
   2.9500048e+01
   2.9600062e+01
   2.9700064e+01
   2.9800051e+01
   2.9900061e+01
   3.0000049e+01
   3.0100047e+01
   3.0200055e+01
   3.0300049e+01
   3.0400052e+01
   3.0500067e+01
   3.0600072e+01
   3.0700050e+01
   3.0800051e+01
   3.0900051e+01
   3.1000058e+01
   3.1100047e+01
   3.1200061e+01
   3.1300061e+01
   3.1400050e+01
   3.1500067e+01
   3.1600072e+01
   3.1700060e+01
   3.1800051e+01
   3.1900093e+01
   3.2000049e+01
   3.2100051e+01
   3.2200069e+01
   3.2300050e+01
   3.2400062e+01
   3.2500050e+01
   3.2600056e+01
   3.2700049e+01
   3.2800070e+01
   3.2900075e+01
   3.3000046e+01
   3.3100055e+01
   3.3200068e+01
   3.3300055e+01
   3.3400060e+01
   3.3500077e+01
   3.3600059e+01
   3.3700049e+01
   3.3800060e+01
   3.3900064e+01
   3.4000048e+01
   3.4100048e+01
   3.4200068e+01
   3.4300047e+01
   3.4400060e+01
   3.4500053e+01
   3.4600077e+01
   3.4700049e+01
   3.4800056e+01
   3.4900068e+01
   3.5000070e+01
   3.5100059e+01
   3.5200065e+01
   3.5300061e+01
   3.5400075e+01
   3.5500068e+01
   3.5600067e+01
   3.5700063e+01
   3.5800061e+01
   3.5900077e+01
   3.6000068e+01
   3.6100069e+01
   3.6200064e+01
   3.6300087e+01
   3.6400070e+01
   3.6500061e+01
   3.6600061e+01
   3.6700062e+01
   3.6800061e+01
   3.6900065e+01
   3.7000068e+01
   3.7100054e+01
   3.7200063e+01
   3.7300066e+01
   3.7400055e+01
   3.7500059e+01
   3.7600060e+01
   3.7700073e+01
   3.7800065e+01
   3.7900068e+01
   3.8000069e+01
   3.8100058e+01
   3.8200077e+01
   3.8300055e+01
   3.8400069e+01
   3.8500063e+01
   3.8600063e+01
   3.8700047e+01
   3.8800071e+01
   3.8900066e+01
   3.9000051e+01
   3.9100051e+01
   3.9200068e+01
   3.9300074e+01
   3.9400062e+01
   3.9500064e+01
   3.9600066e+01
   3.9700064e+01
   3.9800058e+01
   3.9900069e+01
   4.0000065e+01
   4.0100056e+01
   4.0200071e+01
   4.0300064e+01
   4.0400064e+01
   4.0500070e+01
   4.0600064e+01
   4.0700054e+01
   4.0800068e+01
   4.0900070e+01
   4.1000070e+01
   4.1100061e+01
   4.1200069e+01
   4.1300069e+01
   4.1400067e+01
   4.1500064e+01
   4.1600077e+01
   4.1700070e+01
   4.1800062e+01
   4.1900068e+01
   4.2000073e+01
   4.2100069e+01
   4.2200066e+01
   4.2300066e+01
   4.2400063e+01
   4.2500078e+01
   4.2600069e+01
   4.2700052e+01
   4.2800061e+01
   4.2900072e+01
   4.3000059e+01
   4.3100069e+01
   4.3200072e+01
   4.3300069e+01
   4.3400070e+01
   4.3500069e+01
   4.3600070e+01
   4.3700071e+01
   4.3800072e+01
   4.3900070e+01
   4.4000078e+01
   4.4100076e+01
   4.4200067e+01
   4.4300067e+01
   4.4400065e+01
   4.4500076e+01
   4.4600070e+01
   4.4700058e+01
   4.4800044e+01
   4.4900069e+01
   4.5000060e+01
   4.5100069e+01
   4.5200074e+01
   4.5300066e+01
   4.5400065e+01
   4.5500067e+01
   4.5600067e+01
   4.5700040e+01
   4.5800062e+01
   4.5900070e+01
   4.6000054e+01
   4.6100080e+01
   4.6200066e+01
   4.6300062e+01
   4.6400081e+01
   4.6500047e+01
   4.6600058e+01
   4.6700068e+01
   4.6800042e+01
   4.6900070e+01
   4.7000041e+01
   4.7100056e+01
   4.7200069e+01
   4.7300058e+01
   4.7400066e+01
   4.7500062e+01
   4.7600067e+01
   4.7700064e+01
   4.7800068e+01
   4.7900070e+01
   4.8000074e+01
   4.8100066e+01
   4.8200071e+01
   4.8300057e+01
   4.8400082e+01
   4.8500058e+01
   4.8600061e+01
   4.8700053e+01
   4.8800066e+01
   4.8900066e+01
   4.9000061e+01
   4.9100061e+01
   4.9200069e+01
   4.9300063e+01
   4.9400064e+01
   4.9500060e+01
   4.9600070e+01
   4.9700060e+01
   4.9800072e+01
   4.9900076e+01
   5.0000055e+01
   5.0100064e+01
   5.0200065e+01
   5.0300077e+01
   5.0400056e+01
   5.0500064e+01
   5.0600068e+01
   5.0700061e+01
   5.0800065e+01
   5.0900069e+01
   5.1000062e+01
   5.1100075e+01
   5.1200063e+01
   5.1300063e+01
   5.1400061e+01
   5.1500061e+01
   5.1600067e+01
   5.1700070e+01
   5.1800064e+01
   5.1900067e+01
   5.2000058e+01
   5.2100060e+01
   5.2200070e+01
   5.2300067e+01
   5.2400064e+01
   5.2500063e+01
   5.2600061e+01
   5.2700076e+01
   5.2800061e+01
   5.2900069e+01
   5.3000067e+01
   5.3100062e+01
   5.3200068e+01
   5.3300068e+01
   5.3400060e+01
   5.3500067e+01
   5.3600071e+01
   5.3700066e+01
   5.3800072e+01
   5.3900067e+01
   5.4000061e+01
   5.4100059e+01
   5.4200077e+01
   5.4300065e+01
   5.4400061e+01
   5.4500063e+01
   5.4600061e+01
   5.4700066e+01
   5.4800063e+01
   5.4900069e+01
   5.5000062e+01
   5.5100074e+01
   5.5200069e+01
   5.5300062e+01
   5.5400063e+01
   5.5500059e+01
   5.5600070e+01
   5.5700066e+01
   5.5800056e+01
   5.5900063e+01
   5.6000070e+01
   5.6100062e+01
   5.6200069e+01
   5.6300062e+01
   5.6400064e+01
   5.6500064e+01
   5.6600057e+01
   5.6700076e+01
   5.6800063e+01
   5.6900069e+01
   5.7000072e+01
   5.7100071e+01
   5.7200068e+01
   5.7300063e+01
   5.7400069e+01
   5.7500048e+01
   5.7600061e+01
   5.7700069e+01
   5.7800054e+01
   5.7900071e+01
   5.8000046e+01
   5.8100074e+01
   5.8200057e+01
   5.8300067e+01
   5.8400060e+01
   5.8500068e+01
   5.8600068e+01
   5.8700068e+01
   5.8800063e+01
   5.8900060e+01
   5.9000069e+01
   5.9100072e+01
   5.9200063e+01
   5.9300063e+01
   5.9400064e+01
   5.9500042e+01
   5.9600070e+01
   5.9700046e+01
   5.9800053e+01
   5.9900066e+01
