   1.7236328e+00
   1.8359375e+00
   1.6796875e+00
   2.5244141e+00
   4.6826172e+00
   3.3691406e+00
   2.3925781e+00
   2.2363281e+00
   1.8261719e+00
   1.6210938e+00
   1.7431641e+00
   1.7822266e+00
   4.0576172e+00
   4.2626953e+00
   2.5244141e+00
   2.2851562e+00
   2.0361328e+00
   1.7236328e+00
   1.7480469e+00
   1.7382812e+00
   3.4570312e+00
   4.2626953e+00
   2.6220703e+00
   2.1289062e+00
   2.0507812e+00
   1.7724609e+00
   1.6357422e+00
   1.7968750e+00
   3.1835938e+00
   4.3945312e+00
   2.7050781e+00
   2.2558594e+00
   2.1289062e+00
   1.8115234e+00
   1.5185547e+00
   1.7773438e+00
   3.0859375e+00
   4.4335938e+00
   2.9882812e+00
   2.2412109e+00
   2.0458984e+00
   1.7968750e+00
   1.6406250e+00
   1.6796875e+00
   3.0273438e+00
   4.5849609e+00
   2.9882812e+00
   2.1484375e+00
   2.1582031e+00
   1.8652344e+00
   1.6308594e+00
   1.7626953e+00
   2.6025391e+00
   4.6289062e+00
   3.5302734e+00
   2.3242188e+00
   2.2851562e+00
   1.7333984e+00
   1.6552734e+00
   1.7626953e+00
   2.4218750e+00
   4.5703125e+00
   3.3300781e+00
   2.1630859e+00
   2.1240234e+00
   1.7578125e+00
   1.6455078e+00
   1.7529297e+00
   2.5732422e+00
   4.6240234e+00
   3.1835938e+00
   2.1435547e+00
   2.1435547e+00
   1.6992188e+00
   1.5820312e+00
   1.7089844e+00
   2.3876953e+00
   4.3652344e+00
   2.9931641e+00
   1.8847656e+00
   1.8750000e+00
   1.6308594e+00
   1.5771484e+00
   1.5527344e+00
   1.8212891e+00
   3.7646484e+00
   3.0908203e+00
   2.0947266e+00
   2.2021484e+00
   1.8701172e+00
   1.6601562e+00
   1.7871094e+00
   1.8554688e+00
   3.3251953e+00
   3.7304688e+00
   2.4804688e+00
   2.2314453e+00
   2.1093750e+00
   1.8505859e+00
   1.9042969e+00
   1.9042969e+00
   2.8857422e+00
   3.8671875e+00
   2.5585938e+00
   2.1972656e+00
   2.1972656e+00
   1.8701172e+00
   1.8603516e+00
   1.8847656e+00
   2.7441406e+00
   3.9404297e+00
   2.6611328e+00
   2.2119141e+00
   2.2558594e+00
   1.9238281e+00
   1.8164062e+00
   1.9140625e+00
   2.5488281e+00
   4.0185547e+00
   2.9541016e+00
   2.2363281e+00
   2.2558594e+00
   1.9677734e+00
   1.9140625e+00
   1.9287109e+00
   2.4267578e+00
   3.9697266e+00
   3.0078125e+00
   2.3095703e+00
   2.2265625e+00
   2.1240234e+00
   1.8554688e+00
   1.9433594e+00
   2.1582031e+00
   3.9355469e+00
   3.1396484e+00
   2.2656250e+00
   2.3535156e+00
   2.1093750e+00
   1.8945312e+00
   1.9335938e+00
   2.6318359e+00
   3.9550781e+00
   2.6953125e+00
   2.3144531e+00
   2.2705078e+00
   2.0117188e+00
   1.8994141e+00
   2.1533203e+00
   3.1347656e+00
   3.9453125e+00
   2.6708984e+00
   2.3242188e+00
   2.2460938e+00
   2.0605469e+00
   1.8554688e+00
   2.0849609e+00
   3.4277344e+00
   3.9746094e+00
   2.6904297e+00
   2.3339844e+00
   2.1337891e+00
   1.8505859e+00
   1.9091797e+00
   1.9287109e+00
   3.3886719e+00
   3.8330078e+00
   2.5732422e+00
   2.3925781e+00
   2.2363281e+00
   1.8701172e+00
   1.8798828e+00
   2.0117188e+00
   3.6376953e+00
   3.5839844e+00
   2.4072266e+00
   2.2167969e+00
   2.0166016e+00
   1.8652344e+00
   1.7968750e+00
   1.9873047e+00
   3.6767578e+00
   3.6523438e+00
   2.3828125e+00
   2.2656250e+00
   2.0800781e+00
   1.8164062e+00
   1.8896484e+00
   1.9482422e+00
   3.6230469e+00
   3.7402344e+00
   2.4072266e+00
   2.2753906e+00
   2.1142578e+00
   1.9287109e+00
   1.8017578e+00
   1.8164062e+00
   3.2910156e+00
   3.7402344e+00
   2.5292969e+00
   2.2998047e+00
   2.1435547e+00
   1.8994141e+00
   1.9091797e+00
   2.0166016e+00
   3.5742188e+00
   3.3886719e+00
   2.2949219e+00
   2.3486328e+00
   2.0556641e+00
   1.8652344e+00
   1.8847656e+00
   2.2412109e+00
   3.8574219e+00
   3.1152344e+00
   2.2412109e+00
   2.2314453e+00
   2.0214844e+00
   1.9189453e+00
   1.9335938e+00
   2.8369141e+00
   4.1113281e+00
   2.8662109e+00
   2.2998047e+00
   2.3095703e+00
   2.0019531e+00
   1.8945312e+00
   1.9287109e+00
   3.2031250e+00
   4.0283203e+00
   2.7197266e+00
   2.3681641e+00
   2.3242188e+00
   1.9677734e+00
   1.9042969e+00
   2.1044922e+00
   3.9746094e+00
   3.5839844e+00
   2.3046875e+00
   2.3437500e+00
   2.0214844e+00
   1.9042969e+00
   1.8603516e+00
   2.6806641e+00
   4.3115234e+00
   3.0517578e+00
   2.2802734e+00
   2.3242188e+00
   1.9531250e+00
   1.8505859e+00
   1.9091797e+00
   3.3789062e+00
   4.3896484e+00
   2.7783203e+00
   2.2949219e+00
   2.1777344e+00
   1.7626953e+00
   1.8701172e+00
   1.9140625e+00
   3.9208984e+00
   4.0039062e+00
   2.4511719e+00
   2.2949219e+00
   2.0654297e+00
   1.7626953e+00
   1.7968750e+00
   2.4707031e+00
   4.3652344e+00
   3.1445312e+00
   2.1679688e+00
   2.2509766e+00
   1.8554688e+00
   1.7675781e+00
   1.8310547e+00
   2.9394531e+00
   4.3945312e+00
   2.9052734e+00
   2.2265625e+00
   2.1289062e+00
   1.8554688e+00
   1.7187500e+00
   1.8115234e+00
   3.3007812e+00
   4.2626953e+00
   2.8125000e+00
   2.1777344e+00
   2.1728516e+00
   1.6992188e+00
   1.7480469e+00
   1.8066406e+00
   3.3203125e+00
   4.0429688e+00
   2.5292969e+00
   2.2900391e+00
   2.1972656e+00
   1.8066406e+00
   1.8408203e+00
   2.0117188e+00
   4.0869141e+00
   3.4570312e+00
   2.2119141e+00
   2.2753906e+00
   2.0214844e+00
   1.8408203e+00
   1.8310547e+00
   2.7587891e+00
   4.4580078e+00
   3.0322266e+00
   2.3437500e+00
   2.2656250e+00
   1.9335938e+00
   1.8505859e+00
   1.8603516e+00
   4.1015625e+00
   4.0722656e+00
   2.4267578e+00
   2.3242188e+00
   2.2070312e+00
   1.7822266e+00
   1.8164062e+00
   2.8027344e+00
   4.5849609e+00
   2.8320312e+00
   2.1972656e+00
   2.2802734e+00
   1.9726562e+00
   1.7333984e+00
   1.9335938e+00
   4.3359375e+00
   3.7451172e+00
   2.1875000e+00
   2.3779297e+00
   1.9531250e+00
   1.6943359e+00
   1.7871094e+00
   2.9785156e+00
   4.6337891e+00
   2.8808594e+00
   2.0898438e+00
   2.1582031e+00
   1.7822266e+00
   1.7529297e+00
   1.8017578e+00
   3.8525391e+00
   4.3798828e+00
   2.5976562e+00
   2.1435547e+00
   2.0117188e+00
   1.7382812e+00
   1.7285156e+00
   1.8408203e+00
   3.5791016e+00
   4.3847656e+00
   2.5976562e+00
   2.2070312e+00
   2.1289062e+00
   1.7187500e+00
   1.7675781e+00
   1.7919922e+00
   3.6181641e+00
   4.4433594e+00
   2.5390625e+00
   2.2558594e+00
   2.1533203e+00
   1.7822266e+00
   1.7382812e+00
   1.7968750e+00
   3.8867188e+00
   4.2138672e+00
   2.4511719e+00
   2.2167969e+00
   2.0800781e+00
   1.7041016e+00
   1.7626953e+00
   1.7285156e+00
   3.7402344e+00
   4.4335938e+00
   2.7929688e+00
   2.2851562e+00
   2.0947266e+00
   1.7919922e+00
   1.7480469e+00
   1.7187500e+00
   3.6279297e+00
   4.6630859e+00
   2.7636719e+00
   2.2265625e+00
   2.1630859e+00
   1.6259766e+00
   1.5332031e+00
   1.4160156e+00
   3.6621094e+00
   4.2675781e+00
   2.4511719e+00
   2.1435547e+00
   2.0996094e+00
   1.6601562e+00
   1.6259766e+00
   2.1826172e+00
   4.6972656e+00
   3.3105469e+00
   2.0947266e+00
   2.1337891e+00
   1.7236328e+00
   1.4990234e+00
   1.6259766e+00
   3.2666016e+00
   4.1162109e+00
   2.5634766e+00
   2.1972656e+00
   2.0458984e+00
   1.7187500e+00
   1.6259766e+00
   2.0898438e+00
   4.1992188e+00
   3.5888672e+00
   2.3291016e+00
   2.2607422e+00
   1.9531250e+00
   1.7431641e+00
   1.7773438e+00
   3.0029297e+00
   4.5556641e+00
   3.0810547e+00
   2.3144531e+00
   2.2314453e+00
   1.7382812e+00
   1.6992188e+00
   1.9384766e+00
   4.3652344e+00
   3.8720703e+00
   2.3925781e+00
   2.2070312e+00
   1.9335938e+00
   1.5625000e+00
   1.7041016e+00
   3.0859375e+00
   4.5996094e+00
   2.8613281e+00
   2.3876953e+00
   2.1484375e+00
   1.6796875e+00
   1.5771484e+00
   1.6992188e+00
   4.2089844e+00
   4.6093750e+00
   2.6708984e+00
   2.2705078e+00
   1.9824219e+00
   1.5185547e+00
   1.6455078e+00
   1.6210938e+00
   4.1064453e+00
   4.6337891e+00
   2.6855469e+00
   2.1484375e+00
   1.8603516e+00
   1.5917969e+00
   1.4892578e+00
   1.7529297e+00
   3.4619141e+00
   4.6630859e+00
   2.7929688e+00
   2.1484375e+00
   2.0654297e+00
   1.4550781e+00
   1.4843750e+00
   1.6357422e+00
   3.0517578e+00
   4.7412109e+00
   2.9882812e+00
   2.1582031e+00
   2.0605469e+00
   1.5673828e+00
   1.5380859e+00
   1.6162109e+00
   2.7539062e+00
   4.7412109e+00
   3.4130859e+00
   2.1337891e+00
   2.1142578e+00
   1.5771484e+00
   1.4990234e+00
   1.6455078e+00
   2.2021484e+00
   4.7412109e+00
   3.9062500e+00
   2.1582031e+00
   2.1386719e+00
   1.6748047e+00
   1.4306641e+00
   1.6308594e+00
   1.7382812e+00
   4.6142578e+00
   4.5849609e+00
   2.3828125e+00
   2.1191406e+00
   1.8212891e+00
   1.5625000e+00
   1.5771484e+00
   1.7138672e+00
   4.4775391e+00
   4.3554688e+00
   2.2314453e+00
   2.1191406e+00
   1.8310547e+00
   1.4990234e+00
   1.5576172e+00
   1.7382812e+00
   4.5654297e+00
   4.3896484e+00
   2.3242188e+00
   2.1240234e+00
   1.8066406e+00
   1.5185547e+00
   1.6162109e+00
   1.7578125e+00
   4.5947266e+00
   4.7412109e+00
   2.4707031e+00
   2.0849609e+00
   1.9091797e+00
   1.4843750e+00
   1.4990234e+00
   1.6210938e+00
   4.3603516e+00
   4.7412109e+00
   2.5976562e+00
   2.1484375e+00
   1.9775391e+00
   1.5087891e+00
   1.5380859e+00
   1.8017578e+00
   4.6679688e+00
   4.4531250e+00
   2.2216797e+00
   2.0947266e+00
   1.8017578e+00
   1.4306641e+00
   1.5966797e+00
   2.2265625e+00
   4.7460938e+00
   4.2187500e+00
   2.1533203e+00
   2.1337891e+00
   1.6699219e+00
   1.4208984e+00
   1.5966797e+00
   2.7490234e+00
   4.7460938e+00
   4.7412109e+00
   2.1630859e+00
   1.9287109e+00
   1.5185547e+00
   1.3671875e+00
   1.5332031e+00
   3.0322266e+00
   4.7460938e+00
   4.7460938e+00
   2.0117188e+00
   1.8261719e+00
   1.4453125e+00
   1.4160156e+00
   1.5429688e+00
   3.7792969e+00
   4.7460938e+00
   3.8330078e+00
   1.8945312e+00
   1.7089844e+00
   1.3623047e+00
   1.4404297e+00
   1.4794922e+00
   4.7460938e+00
   4.7460938e+00
   2.8515625e+00
   1.7138672e+00
   1.5380859e+00
   1.1621094e+00
   1.5478516e+00
   1.7724609e+00
   4.7460938e+00
   4.7460938e+00
   2.4365234e+00
   1.6699219e+00
   1.4453125e+00
   1.1523438e+00
   1.4160156e+00
   1.9238281e+00
   4.7460938e+00
   4.7460938e+00
   2.1582031e+00
   1.7919922e+00
   1.5234375e+00
   1.2988281e+00
   1.3037109e+00
   2.5195312e+00
   4.7460938e+00
   3.8037109e+00
   1.7382812e+00
   1.7919922e+00
